x0=0
y0=0
z0=0

Dx=2
Dy=2
Dz=2

Nx=10
Ny=10
Nz=10

a=0.0000001

epsilon=0.00001